
MDF 2

MKO 1 2 3 8
MKS 7 1 2 3 4 5 6
MKI 1 0 0 0 0 0 0
MKA 6 7

FP 400 20 2000 10000 1000 0.05
TFP 50 400 50 400 400 30 30

MDP 3
DP 0.8 0.100015 200
KP 10 15 0
LP 0.2 0.2 5000 150 200


DF -1 0 0 0
KFP 200 20 0
LFP 0 200 200 10000 0

DD 0.2 -1 100000
KDP 100 50 0
LDP 0.2 0.2 10000 0
PARP 0.093 12

CLV 4.94968 0.44968 -0.000256596 100 100 800 250 350
IOCH 4 4 0
DIO 7F 3F 80
PART 1000 1000 5000 800 700 300 300
KA 1 0 300
CTRL 1 3000 0 20 0 35

TTN 0
TPN 0
NO 0 0
NA 0.999985 0.999985

MVT 30000 1000
FLCH 0 0 0.195 20 15

CM1 9600 8 0 1
CM2 9600 8 0 1
CM3 2400 7 2 1
CM4 115200 8 0 1
CP 0 0 3

TRTU 20 20 20
SCT 1 1 1
SCANP 3 30 10 1

DRV
омер   Имя       status  port addr CRC_flag pool,ms timeout,ms
1      MMIFCT      1      1     0     1       250     200
2      EmKeyD      0      3     0     1       250      50
3       MVD/1      1      2     1     1       200     100
4     TSD_G/1      1      3     1     1       600     100
5      WDOG/1      1      1     0     1       400       2
6      7060/1      1      1     5     1       150     100
7     7017C/1      1      1     2     1       150     100
8     Delta/1      0      2     2     1       200     100
9     ComSK/1      0      2     3     1       200     100

DLT 0000 200 0 0 0000 0
DLTN 5000 20 20

MDI 0
DI 130 0 0
KIP 1000 100 0
LIP 30 30 5000 1500

SLV 4 1 20000 1 1

CMS 9600 8 0 1

FLS 0 0

VNN 9 24 17
TSD 3 3 1 100

NS 10 1 4 9 11 5 2000 0
IO 80 3F
D   0.001   0.000    27.3==  0.00063772 0 27.31
ZP 0 31

